50
50
50
50
50
50
50
50
50
50
50
50
50
50
50
50
50
50
50
50
50
50
50
50
50
50
50
50
50
50
50
50
50
50
50
50
50
50
50
50
50
50
50
50
50
50
50
50
50
50
50
50
50
50
50
50
50
50
50
50
50
50
50
50
50
DESTRA
50
50
50
50
50
50
50
50
50
50
DESTRA
50
50
50
50
50
50
50
PERICOLO
50
50
50
50
50
50
50
50
50
50
50
SINISTRA
50
50
50
50
70
70
70
70
70
70
70
70
70
70
70
70
70
70
70
SINISTRA
70
70
70
70
70
70
70
70
70
70
70
70
70
70
70
70
70
70
70
70
PERICOLO
70
70
70
70
70
70
70
70
70
70
50
50
50
50
SINISTRA
50
50
50
50
50
50
90
90
90
90
90
90
90
90
90
90
DESTRA
90
90
90
90
90
90
90
90
90
90
90
90
90
90
90
90
90
90
90
90
90
90
90
90
SINISTRA
90
90
90
90
90
90
90
90
90
90
90
90
90
90
90
90
50
50
50
50
50
50
SINISTRA
50
50
50
50
50
50
50
50
50
50
50
50
50
50
50
50
50
50
50
50
50
50
PERICOLO
50
50
50
50
50
50
50
50
50
50
50
50
50
50
50
50
50
50
50
50
50
50
50
50
50
50
50
DESTRA
50
50
50
50
50
50
50
50
50
50
50
50
50
50
50
50
50
50
50
50
50

